[gd_scene load_steps=11 format=3 uid="uid://1amdieo2ccsp"]

[ext_resource type="Material" uid="uid://bcmiver5cxgqm" path="res://materials/standart_dire.tres" id="1_l2uac"]
[ext_resource type="PackedScene" uid="uid://byb5mlug6gwv1" path="res://models/roshan/roshans_banner_lookdev.gltf" id="2_vdisv"]
[ext_resource type="PackedScene" uid="uid://cy1fsf43w2qto" path="res://models/roshan/roshan.gltf" id="3_00rt3"]
[ext_resource type="PackedScene" uid="uid://borek62g4b26e" path="res://models/roshan/iglu/frostivus_igloo.gltf" id="4_h3ild"]
[ext_resource type="PackedScene" uid="uid://bojaw1f08ov8m" path="res://models/tree/bad/dire_tree001.gltf" id="5_f7cbd"]
[ext_resource type="PackedScene" uid="uid://bwirjfab1yawv" path="res://models/tree/bad/dire_tree002.gltf" id="6_q2hkp"]
[ext_resource type="PackedScene" uid="uid://d2erdgqfhosmg" path="res://models/tree/bad/dire_tree002_grow.gltf" id="7_tbi38"]
[ext_resource type="PackedScene" uid="uid://b6ah8aly8npgi" path="res://models/tree/bad/dire_tree004.gltf" id="8_hxoxd"]
[ext_resource type="PackedScene" uid="uid://r64amq446dt2" path="res://models/tree/bad/dire_tree004b_sfm.gltf" id="9_j2hv1"]

[sub_resource type="BoxMesh" id="BoxMesh_esel8"]
material = ExtResource("1_l2uac")
size = Vector3(25, 0.1, 25)

[node name="tormentor_1" type="Node3D"]

[node name="MeshInstance3D" type="MeshInstance3D" parent="."]
mesh = SubResource("BoxMesh_esel8")

[node name="roshans_banner_lookdev_vmdl_c" parent="." instance=ExtResource("2_vdisv")]
transform = Transform3D(0.704486, 0, -0.709718, 0, 1, 0, 0.709718, 0, 0.704486, -10.5766, 0, -10.2172)

[node name="roshans_banner_lookdev_vmdl_c2" parent="." instance=ExtResource("2_vdisv")]
transform = Transform3D(0.704486, 0, -0.709718, 0, 1, 0, 0.709718, 0, 0.704486, 11.029, 0, -11.4692)

[node name="roshan_vmdl_c2" parent="." instance=ExtResource("3_00rt3")]
transform = Transform3D(1, 0, 0, 0, 1, 0, 0, 0, 1, 1.18204, 0, -14.541)

[node name="frostivus_igloo_vmdl_c" parent="." instance=ExtResource("4_h3ild")]
transform = Transform3D(1, 0, 0, 0, 1, 0, 0, 0, 1, 0.397506, -0.243979, -26.2522)

[node name="dire_tree001_vmdl_c" parent="." instance=ExtResource("5_f7cbd")]
transform = Transform3D(1, 0, 0, 0, 1, 0, 0, 0, 1, -6.58453, 0, -5.91723)

[node name="dire_tree001_vmdl_c2" parent="." instance=ExtResource("5_f7cbd")]
transform = Transform3D(1, 0, 0, 0, 1, 0, 0, 0, 1, 5.08399, 0, 11.95)

[node name="dire_tree002_vmdl_c" parent="." instance=ExtResource("6_q2hkp")]
transform = Transform3D(1, 0, 0, 0, 1, 0, 0, 0, 1, 10.1266, 0, 10.8064)

[node name="dire_tree002_grow_vmdl_c" parent="." instance=ExtResource("7_tbi38")]
transform = Transform3D(1, 0, 0, 0, 1, 0, 0, 0, 1, 10.5723, 0, -6.92738)

[node name="dire_tree004_vmdl_c" parent="." instance=ExtResource("8_hxoxd")]
transform = Transform3D(1, 0, 0, 0, 1, 0, 0, 0, 1, -2.69126, 0, -6.97307)

[node name="dire_tree004_vmdl_c2" parent="." instance=ExtResource("8_hxoxd")]
transform = Transform3D(-0.504, 0, -0.863704, 0, 1, 0, 0.863704, 0, -0.504, -8.96182, 0, -14.7701)

[node name="dire_tree004_vmdl_c3" parent="." instance=ExtResource("8_hxoxd")]
transform = Transform3D(-0.504, 0, -0.863704, 0, 1, 0, 0.863704, 0, -0.504, 9.21248, 0, -12.3262)

[node name="dire_tree004_vmdl_c4" parent="." instance=ExtResource("8_hxoxd")]
transform = Transform3D(0.69894, 0, -0.715181, 0, 1, 0, 0.715181, 0, 0.69894, 9.21248, 0, 8.72187)

[node name="dire_tree004b_sfm_vmdl_c" parent="." instance=ExtResource("9_j2hv1")]
transform = Transform3D(1, 0, 0, 0, 1, 0, 0, 0, 1, -8.73828, 0, -9.83036)

[node name="dire_tree004b_sfm_vmdl_c2" parent="." instance=ExtResource("9_j2hv1")]
transform = Transform3D(1, 0, 0, 0, 1, 0, 0, 0, 1, 6.15592, 0, -4.10476)
